 NZ=          30 ;
 NR=          10 ;
 NA=           1 ;
 N_DESV=           3 ;
 QWX1=[
   437.148438    
   483.256470    
   433.247223    
   449.471344    
   418.270874    
   407.166077    
   473.253479    
   391.944702    
   404.412384    
   322.509247    
 ];
 QWX2=[
   344.983429    
   465.705719    
   425.344910    
   438.192322    
   407.290100    
   499.651306    
   423.631317    
   387.361420    
   331.049805    
   290.635254    
 ];
 QWX3=[
   381.205994    
   400.656952    
   462.040985    
   440.174408    
   458.979431    
   455.102661    
   460.026093    
   460.422058    
   475.235474    
   469.206146    
   396.803925    
   478.690063    
   450.033447    
   501.206146    
   485.006012    
   404.704803    
   478.587708    
   470.484314    
   427.822876    
   495.772491    
   481.347015    
   454.094025    
   474.834259    
   471.388367    
   441.277771    
   458.788177    
   500.151062    
   444.918091    
   434.150909    
   372.751495    
 ];
 QG=[
  -6690.67969    
  -6194.46631    
  -8741.71875    
  -9902.43164    
  -7669.52051    
  -6489.00586    
  -8720.35059    
  -7177.23242    
  -13225.2451    
  -14322.3369    
  -8925.95410    
  -5271.00781    
  -3294.98584    
  -4321.78174    
  -7918.69092    
  -6262.40186    
  -7563.53955    
  -3780.10767    
  -10283.4395    
  -13748.9062    
  -2435.11328    
  -2268.63037    
  -733.861206    
  -4983.45410    
  -2447.17871    
  -2687.55176    
  -3856.99219    
  -5133.89648    
  -7005.51855    
  -7656.60303    
   3675.95825    
   911.991638    
  -3096.47754    
   1183.79370    
  -3061.70923    
  -3837.84082    
  -5926.40381    
  -6010.58154    
  -7030.65625    
  -12691.6445    
  -873.256470    
  -1858.05627    
  -533.509460    
  -1726.53528    
  -4064.89844    
  -645.957397    
  -6834.28711    
  -3471.43188    
  -9051.79102    
  -8796.20508    
  -7590.28467    
   81.4568100    
  -1246.66113    
  -2998.59717    
   1418.84521    
  -621.586121    
  -3751.68848    
  -4815.41895    
  -5432.36084    
  -8206.87793    
  -2159.01343    
   46.7750130    
  -339.603058    
  -2477.69629    
  -874.573486    
  -1125.01331    
  -3441.54077    
  -4937.99365    
  -3228.99585    
  -10357.1035    
  -1765.45569    
  -1137.97864    
   884.659729    
   554.664856    
  -4958.03564    
  -1601.40442    
  -6866.86572    
  -3093.31909    
  -8398.69824    
  -10350.0820    
  -877.013306    
   5773.50879    
  -3500.53223    
  -2647.42798    
  -371.194946    
  -838.044800    
  -5150.57471    
  -5906.33887    
  -6269.00732    
  -7997.68359    
  -4432.26074    
  -677.887756    
  -3322.78052    
  -376.471558    
  -1721.39758    
  -2805.37134    
  -68.9828949    
  -2710.09595    
  -9776.56641    
  -8423.74219    
   2085.44067    
  -3870.22778    
  -853.835144    
   582.700134    
   1218.99658    
  -3163.75073    
  -2119.15552    
  -6123.57178    
  -7571.38037    
  -8768.43652    
   110.336067    
   1034.11414    
  -1406.98096    
  -3621.87500    
  -722.672546    
  -4977.59473    
  -2432.09082    
  -4628.55615    
  -5023.85498    
  -11138.4180    
  -1962.79504    
  -1369.05371    
   528.548340    
   625.098328    
  -415.084351    
  -2347.06396    
  -1596.17920    
  -5655.67725    
  -6683.67432    
  -9703.61523    
  -2753.43237    
   1231.04431    
  -1505.77124    
   3.93502903    
  -2017.36865    
  -1547.86206    
  -4581.23633    
  -3917.92285    
  -7057.40869    
  -11642.2549    
  -283.659882    
  -842.756409    
   192.880524    
  -2436.54370    
  -2972.08521    
  -1162.05542    
  -4155.92383    
  -3474.83154    
  -5017.01172    
  -9646.35645    
   1493.62024    
  -3574.36450    
  -3165.35474    
  -3028.79370    
   1483.00537    
  -2679.32007    
  -29.5348358    
  -2882.20264    
  -6979.45410    
  -10040.5811    
  -7789.40332    
  -1499.96997    
   4952.58594    
   1245.43164    
  -1688.55371    
  -3253.78613    
  -2772.94629    
  -3184.30078    
  -7580.80811    
  -9775.59473    
  -1963.40747    
   2383.60767    
  -2296.19995    
   2359.87134    
  -4475.24072    
  -1377.31384    
  -1367.24670    
  -5952.32666    
  -5701.10352    
  -10264.3027    
  -2160.99268    
  -2158.90942    
  -2453.40454    
   1287.86218    
  -1172.35876    
  -2158.67505    
  -2483.38940    
  -6616.17969    
  -9676.25293    
  -11013.0273    
  -5420.06201    
   1132.27246    
  -1703.69141    
  -38.3888779    
  -3235.54834    
  -1332.44604    
  -2074.69629    
  -6985.97900    
  -8305.46680    
  -8449.10352    
   2086.05859    
  -1270.01843    
  -873.253113    
  -2097.62842    
  -3191.72388    
  -1709.03601    
  -5332.98486    
  -3654.15454    
  -8433.59375    
  -8494.65527    
   2086.26343    
   967.822205    
   2977.53394    
  -672.951416    
  -898.365540    
  -4088.37134    
  -3768.28857    
  -5083.84961    
  -7394.66064    
  -8631.37109    
  -1765.60034    
  -940.688293    
  -300.564270    
  -37.7060432    
  -3685.11792    
  -1771.82849    
  -2043.87012    
  -4226.31104    
  -8006.62305    
  -11142.6582    
  -1961.80713    
  -1006.34424    
   194.221832    
   823.867737    
  -1029.12012    
  -4294.13525    
  -3781.83179    
  -2966.88477    
  -6003.56592    
  -8596.06543    
   7025.10059    
   147.010452    
  -219.955566    
  -3986.02783    
  -1390.10193    
  -2183.31494    
  -2194.94727    
  -6219.68311    
  -7961.22461    
  -10195.4736    
  -6402.59033    
  -80.8953247    
  -1185.36243    
   868.557861    
  -3264.79321    
  -664.626099    
  -1653.70251    
  -4131.71826    
  -7608.63135    
  -9924.96484    
   8316.91309    
  -2841.07324    
  -2384.52856    
  -481.624115    
  -4807.02148    
  -2204.37354    
  -5926.21924    
  -6365.37500    
  -4698.84521    
  -9277.02832    
   1810.67993    
  -3389.61768    
  -2313.18262    
  -2162.93555    
  -4884.87012    
  -3065.75684    
  -1804.65405    
  -5792.72754    
  -6562.37598    
  -8612.09180    
  -5662.94531    
  -5108.49561    
  -6293.65283    
  -4123.20850    
  -5231.77490    
  -8158.94531    
  -6647.94727    
  -7464.71729    
  -10090.7207    
  -10520.4229    
  -13579.7461    
  -7266.59570    
  -9663.79492    
  -6875.07764    
  -8069.19385    
  -9239.50977    
  -11203.2744    
  -9355.55957    
  -11601.3662    
  -14996.9082    
 ];
 TAXA1=[
  0.549336910    
   1.82183397    
   2.72217250    
   3.95375633    
   4.73053122    
   5.62825823    
   7.73120022    
   7.38798141    
   8.63938999    
   7.70026159    
 ];
 TAXA2=[
  0.433518946    
   1.75566912    
   2.67252064    
   3.85454082    
   4.60634136    
   6.90668154    
   6.92055845    
   7.30158854    
   7.07215834    
   6.93923521    
 ];
 TAXA3=[
   15.9679203    
   16.7826805    
   19.3539295    
   18.4379845    
   19.2256870    
   19.0632973    
   19.2695293    
   19.2861156    
   19.9066181    
   19.6540623    
   16.6212845    
   20.0513248    
   18.8509579    
   20.9944763    
   20.3158855    
   16.9522362    
   20.0470371    
   19.7076015    
   17.9206047    
   20.7668705    
   20.1626186    
   19.0210476    
   19.8898125    
   19.7454720    
   18.4842014    
   19.2176762    
   20.9502811    
   18.6366863    
   18.1856728    
   15.6137791    
 ];
