 sig=  -4.9011162874649337     
 ci=   0.0000000000000000     
