 taxa_total=[
  -667438.375    
  -673693.750    
  -664813.875    
 ];
